T_1 =                                  
  0.0742    0.9897    0.1226 -199.2004 
  0.6416    0.0467   -0.7656  -79.9566 
 -0.7634    0.1355   -0.6315  875.4722 
       0         0         0    1.0000 
T_3 =                                  
 -0.1463    0.9861    0.0788 -144.6158 
  0.8508    0.1660   -0.4986 -171.5600 
 -0.5047   -0.0059   -0.8633  794.8232 
       0         0         0    1.0000 
T_5 =                                  
 -0.2073    0.7679    0.6061 -111.9479 
  0.5806    0.5952   -0.5555 -224.5798 
 -0.7874    0.2367   -0.5692  758.0974 
       0         0         0    1.0000 
T_7 =                                  
 -0.1607    0.7761    0.6098  -95.8754 
  0.8366   -0.2207    0.5014  -70.8197 
  0.5237    0.5908   -0.6138  452.0687 
       0         0         0    1.0000 
T_9 =                                  
 -0.2121    0.7567   -0.6184  -22.9072 
  0.8961    0.4031    0.1858 -220.2822 
  0.3899   -0.5148   -0.7635  757.5272 
       0         0         0    1.0000 